-22.195000000000,90.333,-0.000,-6231.334,0
-22.10466803855567,90.329884333,-6.231334,-6231.334,0.001
-22.01434230844533,90.320537332,-12.462668,-6231.334,0.002
-21.92402904100300,90.304958997,-18.694002,-6231.334,0.003
-21.83373446756267,90.283149328,-24.925336,-6231.334,0.004
-21.74346481945833,90.255108325,-31.156670,-6231.334,0.005
-21.65322632802400,90.220835988,-37.388004,-6231.334,0.006
-21.56302522459367,90.180332317,-43.619338,-6231.334,0.007
-21.47286774050133,90.133597312,-49.850672,-6231.334,0.008
-21.38276010708100,90.080630973,-56.082006,-6231.334,0.009
-21.29270855566667,90.021433300,-62.313340,-6231.334,0.010
-21.20271931759233,89.956004293,-68.544674,-6231.334,0.011
-21.11279862419200,89.884343952,-74.776008,-6231.334,0.012
-21.02295270679967,89.806452277,-81.007342,-6231.334,0.013
-20.93318779674933,89.722329268,-87.238676,-6231.334,0.014
-20.84351012537500,89.631974925,-93.470010,-6231.334,0.015
-20.75392592401067,89.535389248,-99.701344,-6231.334,0.016
-20.66444142399033,89.432572237,-105.932678,-6231.334,0.017
-20.57506285664800,89.323523892,-112.164012,-6231.334,0.018
-20.48579645331767,89.208244213,-118.395346,-6231.334,0.019
-20.39664844533333,89.086733200,-124.626680,-6231.334,0.020
-20.30762506402900,88.958990853,-130.858014,-6231.334,0.021
-20.21873254073867,88.825017172,-137.089348,-6231.334,0.022
-20.12997710679633,88.684812157,-143.320682,-6231.334,0.023
-20.04136499353600,88.538375808,-149.552016,-6231.334,0.024
-19.95290243229167,88.385708125,-155.783350,-6231.334,0.025
-19.86459565439733,88.226809108,-162.014684,-6231.334,0.026
-19.77645089118700,88.061678757,-168.246018,-6231.334,0.027
-19.68847437399467,87.890317072,-174.477352,-6231.334,0.028
-19.60067233415433,87.712724053,-180.708686,-6231.334,0.029
-19.51305100300000,87.528899700,-186.940020,-6231.334,0.030
-19.42561661186567,87.338844013,-193.171354,-6231.334,0.031
-19.33837539208533,87.142556992,-199.402688,-6231.334,0.032
-19.25133357499300,86.940038637,-205.634022,-6231.334,0.033
-19.16449739192267,86.731288948,-211.865356,-6231.334,0.034
-19.07787307420833,86.516307925,-218.096690,-6231.334,0.035
-18.99146685318400,86.295095568,-224.328024,-6231.334,0.036
-18.90528496018367,86.067651877,-230.559358,-6231.334,0.037
-18.81933362654133,85.833976852,-236.790692,-6231.334,0.038
-18.73361908359100,85.594070493,-243.022026,-6231.334,0.039
-18.64814756266667,85.347932800,-249.253360,-6231.334,0.040
-18.56292529510233,85.095563773,-255.484694,-6231.334,0.041
-18.47795851223200,84.836963412,-261.716028,-6231.334,0.042
-18.39325344538967,84.572131717,-267.947362,-6231.334,0.043
-18.30881632590933,84.301068688,-274.178696,-6231.334,0.044
-18.22465338512500,84.023774325,-280.410030,-6231.334,0.045
-18.14077085437067,83.740248628,-286.641364,-6231.334,0.046
-18.05717496498033,83.450491597,-292.872698,-6231.334,0.047
-17.97387194828800,83.154503232,-299.104032,-6231.334,0.048
-17.89086803562767,82.852283533,-305.335366,-6231.334,0.049
-17.80816945833333,82.543832500,-311.566700,-6231.334,0.050
-17.72578244773900,82.229150133,-317.798034,-6231.334,0.051
-17.64371323517867,81.908236432,-324.029368,-6231.334,0.052
-17.56196805198633,81.581091397,-330.260702,-6231.334,0.053
-17.48055312949600,81.247715028,-336.492036,-6231.334,0.054
-17.39947469904167,80.908107325,-342.723370,-6231.334,0.055
-17.31873899195733,80.562268288,-348.954704,-6231.334,0.056
-17.23835223957700,80.210197917,-355.186038,-6231.334,0.057
-17.15832067323467,79.851896212,-361.417372,-6231.334,0.058
-17.07865052426433,79.487363173,-367.648706,-6231.334,0.059
-16.99934802400000,79.116598800,-373.880040,-6231.334,0.060
-16.92041940377567,78.739603093,-380.111374,-6231.334,0.061
-16.84187089492533,78.356376052,-386.342708,-6231.334,0.062
-16.76370872878300,77.966917677,-392.574042,-6231.334,0.063
-16.68593913668267,77.571227968,-398.805376,-6231.334,0.064
-16.60856834995833,77.169306925,-405.036710,-6231.334,0.065
-16.53160259994400,76.761154548,-411.268044,-6231.334,0.066
-16.45504811797367,76.346770837,-417.499378,-6231.334,0.067
-16.37891113538133,75.926155792,-423.730712,-6231.334,0.068
-16.30319788350100,75.499309413,-429.962046,-6231.334,0.069
-16.22791459366667,75.066231700,-436.193380,-6231.334,0.070
-16.15306749721233,74.626922653,-442.424714,-6231.334,0.071
-16.07866282547200,74.181382272,-448.656048,-6231.334,0.072
-16.00470680977967,73.729610557,-454.887382,-6231.334,0.073
-15.93120568146933,73.271607508,-461.118716,-6231.334,0.074
-15.85816567187500,72.807373125,-467.350050,-6231.334,0.075
-15.78559301233067,72.336907408,-473.581384,-6231.334,0.076
-15.71349393417033,71.860210357,-479.812718,-6231.334,0.077
-15.64187466872800,71.377281972,-486.044052,-6231.334,0.078
-15.57074144733767,70.888122253,-492.275386,-6231.334,0.079
-15.50010050133333,70.392731200,-498.506720,-6231.334,0.080
-15.42995806204900,69.891108813,-504.738054,-6231.334,0.081
-15.36032036081867,69.383255092,-510.969388,-6231.334,0.082
-15.29119362897633,68.869170037,-517.200722,-6231.334,0.083
-15.22258409785600,68.348853648,-523.432056,-6231.334,0.084
-15.15449799879167,67.822305925,-529.663390,-6231.334,0.085
-15.08694156311733,67.289526868,-535.894724,-6231.334,0.086
-15.01992102216700,66.750516477,-542.126058,-6231.334,0.087
-14.95344260727467,66.205274752,-548.357392,-6231.334,0.088
-14.88751254977433,65.653801693,-554.588726,-6231.334,0.089
-14.82213708100000,65.096097300,-560.820060,-6231.334,0.090
-14.75732243228567,64.532161573,-567.051394,-6231.334,0.091
-14.69307483496533,63.961994512,-573.282728,-6231.334,0.092
-14.62940052037300,63.385596117,-579.514062,-6231.334,0.093
-14.56630571984267,62.802966388,-585.745396,-6231.334,0.094
-14.50379666470833,62.214105325,-591.976730,-6231.334,0.095
-14.44187958630400,61.619012928,-598.208064,-6231.334,0.096
-14.38056071596367,61.017689197,-604.439398,-6231.334,0.097
-14.31984628502133,60.410134132,-610.670732,-6231.334,0.098
-14.25974252481100,59.796347733,-616.902066,-6231.334,0.099
-14.20025566666667,59.176330000,-623.133400,-6231.334,0.100
-14.14139194192233,58.550080933,-629.364734,-6231.334,0.101
-14.08315758191200,57.917600532,-635.596068,-6231.334,0.102
-14.02555881796967,57.278888797,-641.827402,-6231.334,0.103
-13.96860188142933,56.633945728,-648.058736,-6231.334,0.104
-13.91229300362500,55.982771325,-654.290070,-6231.334,0.105
-13.85663841589067,55.325365588,-660.521404,-6231.334,0.106
-13.80164434956033,54.661728517,-666.752738,-6231.334,0.107
-13.74731703596800,53.991860112,-672.984072,-6231.334,0.108
-13.69366270644767,53.315760373,-679.215406,-6231.334,0.109
-13.64068759233333,52.633429300,-685.446740,-6231.334,0.110
-13.58839792495900,51.944866893,-691.678074,-6231.334,0.111
-13.53679993565867,51.250073152,-697.909408,-6231.334,0.112
-13.48589985576633,50.549048077,-704.140742,-6231.334,0.113
-13.43570391661600,49.841791668,-710.372076,-6231.334,0.114
-13.38621834954167,49.128303925,-716.603410,-6231.334,0.115
-13.33744938587733,48.408584848,-722.834744,-6231.334,0.116
-13.28940325695700,47.682634437,-729.066078,-6231.334,0.117
-13.24208619411467,46.950452692,-735.297412,-6231.334,0.118
-13.19550442868433,46.212039613,-741.528746,-6231.334,0.119
-13.14966419200000,45.467395200,-747.760080,-6231.334,0.120
-13.10457171539567,44.716519453,-753.991414,-6231.334,0.121
-13.06023323020533,43.959412372,-760.222748,-6231.334,0.122
-13.01665496776300,43.196073957,-766.454082,-6231.334,0.123
-12.97384315940267,42.426504208,-772.685416,-6231.334,0.124
-12.93180403645833,41.650703125,-778.916750,-6231.334,0.125
-12.89054383026400,40.868670708,-785.148084,-6231.334,0.126
-12.85006877215367,40.080406957,-791.379418,-6231.334,0.127
-12.81038509346133,39.285911872,-797.610752,-6231.334,0.128
-12.77149902552100,38.485185453,-803.842086,-6231.334,0.129
-12.73341679966667,37.678227700,-810.073420,-6231.334,0.130
-12.69614464723233,36.865038613,-816.304754,-6231.334,0.131
-12.65968879955200,36.045618192,-822.536088,-6231.334,0.132
-12.62405548795967,35.219966437,-828.767422,-6231.334,0.133
-12.58925094378933,34.388083348,-834.998756,-6231.334,0.134
-12.55528139837500,33.549968925,-841.230090,-6231.334,0.135
-12.52215308305067,32.705623168,-847.461424,-6231.334,0.136
-12.48987223282161,31.85511837776053,-854.642,0,0.137
-12.45844443544385,31.00047637776053,-854.642,0,0.138
-12.42787128006609,30.14583437776053,-854.642,0,0.139
-12.39815276668833,29.29119237776053,-854.642,0,0.140
-12.36928889531057,28.43655037776053,-854.642,0,0.141
-12.34127966593281,27.58190837776053,-854.642,0,0.142
-12.31412507855505,26.72726637776053,-854.642,0,0.143
-12.28782513317729,25.87262437776053,-854.642,0,0.144
-12.26237982979953,25.01798237776053,-854.642,0,0.145
-12.23778916842177,24.16334037776053,-854.642,0,0.146
-12.21405314904401,23.30869837776053,-854.642,0,0.147
-12.19117177166625,22.45405637776053,-854.642,0,0.148
-12.16914503628849,21.59941437776053,-854.642,0,0.149
-12.14797294291072,20.74477237776053,-854.642,0,0.150
-12.12765549153296,19.89013037776053,-854.642,0,0.151
-12.10819268215520,19.03548837776053,-854.642,0,0.152
-12.08958451477744,18.18084637776053,-854.642,0,0.153
-12.07183098939968,17.32620437776053,-854.642,0,0.154
-12.05493210602192,16.47156237776053,-854.642,0,0.155
-12.03888786464416,15.61692037776053,-854.642,0,0.156
-12.02369826526640,14.76227837776053,-854.642,0,0.157
-12.00936330788864,13.90763637776053,-854.642,0,0.158
-11.99588299251088,13.05299437776053,-854.642,0,0.159
-11.98325731913312,12.19835237776053,-854.642,0,0.160
-11.97148628775536,11.34371037776053,-854.642,0,0.161
-11.96056989837760,10.48906837776053,-854.642,0,0.162
-11.95050815099984,9.63442637776053,-854.642,0,0.163
-11.94130104562208,8.77978437776053,-854.642,0,0.164
-11.93294858224432,7.92514237776053,-854.642,0,0.165
-11.92545076086656,7.07050037776053,-854.642,0,0.166
-11.91880758148880,6.21585837776053,-854.642,0,0.167
-11.91301904411104,5.36121637776053,-854.642,0,0.168
-11.90808514873328,4.50657437776053,-854.642,0,0.169
-11.90400589535552,3.65193237776053,-854.642,0,0.170
-11.90078128397775,2.79729037776053,-854.642,0,0.171
-11.89841131459999,1.94264837776053,-854.642,0,0.172
-11.89689598722223,1.08800637776053,-854.642,0,0.173
-11.89623530184447,0.23336437776053,-854.642,0,0.174
-11.89642925846671,-0.62127762223947,-854.642,0,0.175
-11.89747785708895,-1.47591962223947,-854.642,0,0.176
-11.89938109771119,-2.33056162223947,-854.642,0,0.177
-11.90213898033343,-3.18520362223947,-854.642,0,0.178
-11.90575150495567,-4.03984562223947,-854.642,0,0.179
-11.91021867157791,-4.89448762223947,-854.642,0,0.180
-11.91554048020015,-5.74912962223947,-854.642,0,0.181
-11.92171693082239,-6.60377162223947,-854.642,0,0.182
-11.92874802344463,-7.45841362223947,-854.642,0,0.183
-11.93663375806687,-8.31305562223947,-854.642,0,0.184
-11.94537413468911,-9.16769762223947,-854.642,0,0.185
-11.95496915331135,-10.0223396222395,-854.642,0,0.186
-11.96541881393358,-10.8769816222395,-854.642,0,0.187
-11.97672311655582,-11.7316236222395,-854.642,0,0.188
-11.98888206117806,-12.5862656222395,-854.642,0,0.189
-12.00189564780030,-13.4409076222395,-854.642,0,0.190
-12.01576387642254,-14.2955496222395,-854.642,0,0.191
-12.03048674704478,-15.1501916222395,-854.642,0,0.192
-12.04606425966702,-16.0048336222395,-854.642,0,0.193
-12.06249641428926,-16.8594756222395,-854.642,0,0.194
-12.07978321091150,-17.7141176222395,-854.642,0,0.195
-12.09792464953374,-18.5687596222395,-854.642,0,0.196
-12.11692073015598,-19.4234016222395,-854.642,0,0.197
-12.13677145277822,-20.2780436222395,-854.642,0,0.198
-12.15747681740046,-21.1326856222395,-854.642,0,0.199
-12.17903682402270,-21.9873276222395,-854.642,0,0.200
-12.20145147264494,-22.8419696222395,-854.642,0,0.201
-12.22472076326718,-23.6966116222395,-854.642,0,0.202
-12.24884469588942,-24.5512536222395,-854.642,0,0.203
-12.27382327051166,-25.4058956222395,-854.642,0,0.204
-12.29965648713390,-26.2605376222395,-854.642,0,0.205
-12.32634434575613,-27.1151796222395,-854.642,0,0.206
-12.35388684637838,-27.9698216222395,-854.642,0,0.207
-12.38228398900061,-28.8244636222395,-854.642,0,0.208
-12.41153577362285,-29.6791056222395,-854.642,0,0.209
-12.44164220024509,-30.5337476222395,-854.642,0,0.210
-12.47260346710930,-31.38735671439769,-858.2298667068918,6231.334,0.211
-12.50441890020138,-32.24247091410457,-851.9985327068918,6231.334,0.212
-12.53708633182617,-33.09135377981147,-845.7671987068918,6231.334,0.213
-12.57059953064967,-33.93400531151835,-839.5358647068918,6231.334,0.214
-12.60495226533788,-34.77042550922526,-833.3045307068918,6231.334,0.215
-12.64013830455679,-35.60061437293213,-827.0731967068918,6231.334,0.216
-12.67615141697241,-36.42457190263904,-820.8418627068918,6231.334,0.217
-12.71298537125073,-37.24229809834592,-814.6105287068918,6231.334,0.218
-12.75063393605777,-38.05379296005282,-808.3791947068918,6231.334,0.219
-12.78909088005950,-38.85905648775970,-802.1478607068918,6231.334,0.220
-12.82834997192195,-39.65808868146661,-795.9165267068918,6231.334,0.221
-12.86840498031110,-40.45088954117348,-789.6851927068918,6231.334,0.222
-12.90924967389296,-41.23745906688039,-783.4538587068918,6231.334,0.223
-12.95087782133353,-42.01779725858727,-777.2225247068918,6231.334,0.224
-12.99328319129880,-42.79190411629417,-770.9911907068918,6231.334,0.225
-13.03645955245478,-43.55977964000105,-764.7598567068918,6231.334,0.226
-13.08040067346747,-44.32142382970796,-758.5285227068918,6231.334,0.227
-13.12510032300287,-45.07683668541483,-752.2971887068918,6231.334,0.228
-13.17055226972697,-45.82601820712174,-746.0658547068918,6231.334,0.229
-13.21675028230578,-46.56896839482862,-739.8345207068918,6231.334,0.230
-13.26368812940529,-47.30568724853553,-733.6031867068918,6231.334,0.231
-13.31135957969152,-48.03617476824240,-727.3718527068918,6231.334,0.232
-13.35975840183044,-48.76043095394931,-721.1405187068918,6231.334,0.233
-13.40887836448808,-49.47845580565619,-714.9091847068918,6231.334,0.234
-13.45871323633042,-50.19024932336309,-708.6778507068918,6231.334,0.235
-13.50925678602347,-50.89581150706997,-702.4465167068918,6231.334,0.236
-13.56050278223323,-51.59514235677688,-696.2151827068918,6231.334,0.237
-13.61244499362569,-52.28824187248375,-689.9838487068918,6231.334,0.238
-13.66507718886686,-52.97511005419066,-683.7525147068918,6231.334,0.239
-13.71839313662274,-53.65574690189754,-677.5211807068918,6231.334,0.240
-13.77238660555932,-54.33015241560444,-671.2898467068918,6231.334,0.241
-13.82705136434261,-54.99832659531132,-665.0585127068918,6231.334,0.242
-13.88238118163861,-55.66026944101823,-658.8271787068918,6231.334,0.243
-13.93836982611332,-56.31598095272510,-652.5958447068918,6231.334,0.244
-13.99501106643273,-56.96546113043201,-646.3645107068918,6231.334,0.245
-14.05229867126285,-57.60870997413889,-640.1331767068918,6231.334,0.246
-14.11022640926967,-58.24572748384580,-633.9018427068918,6231.334,0.247
-14.16878804911920,-58.87651365955267,-627.6705087068918,6231.334,0.248
-14.22797735947744,-59.50106850125958,-621.4391747068918,6231.334,0.249
-14.28778810901039,-60.11939200896647,-615.2078407068918,6231.334,0.250
-14.34821406638404,-60.73148418267336,-608.9765067068918,6231.334,0.251
-14.40924900026440,-61.33734502238025,-602.7451727068918,6231.334,0.252
-14.47088667931748,-61.93697452808714,-596.5138387068918,6231.334,0.253
-14.53312087220925,-62.53037269979403,-590.2825047068918,6231.334,0.254
-14.59594534760574,-63.11753953750093,-584.0511707068918,6231.334,0.255
-14.65935387417292,-63.69847504120782,-577.8198367068918,6231.334,0.256
-14.72334022057682,-64.27317921091471,-571.5885027068918,6231.334,0.257
-14.78789815548342,-64.84165204662160,-565.3571687068918,6231.334,0.258
-14.85302144755873,-65.40389354832849,-559.1258347068918,6231.334,0.259
-14.91870386546874,-65.95990371603539,-552.8945007068918,6231.334,0.260
-14.98493917787946,-66.50968254974228,-546.6631667068918,6231.334,0.261
-15.05172115345689,-67.05323004944917,-540.4318327068918,6231.334,0.262
-15.11904356086703,-67.59054621515606,-534.2004987068918,6231.334,0.263
-15.18690016877587,-68.12163104686295,-527.9691647068918,6231.334,0.264
-15.25528474584942,-68.64648454456984,-521.7378307068918,6231.334,0.265
-15.32419106075368,-69.16510670827674,-515.5064967068918,6231.334,0.266
-15.39361288215464,-69.67749753798363,-509.2751627068918,6231.334,0.267
-15.46354397871831,-70.18365703369052,-503.0438287068918,6231.334,0.268
-15.53397811911069,-70.68358519539741,-496.8124947068918,6231.334,0.269
-15.60490907199777,-71.17728202310430,-490.5811607068918,6231.334,0.270
-15.67633060604556,-71.66474751681120,-484.3498267068918,6231.334,0.271
-15.74823648992006,-72.14598167651809,-478.1184927068918,6231.334,0.272
-15.82062049228726,-72.62098450222498,-471.8871587068918,6231.334,0.273
-15.89347638181318,-73.08975599393187,-465.6558247068918,6231.334,0.274
-15.96679792716379,-73.55229615163876,-459.4244907068918,6231.334,0.275
-16.04057889700512,-74.00860497534566,-453.1931567068918,6231.334,0.276
-16.11481306000315,-74.45868246505255,-446.9618227068918,6231.334,0.277
-16.18949418482389,-74.90252862075944,-440.7304887068918,6231.334,0.278
-16.26461604013334,-75.34014344246633,-434.4991547068918,6231.334,0.279
-16.34017239459749,-75.77152693017322,-428.2678207068918,6231.334,0.280
-16.41615701688235,-76.19667908388011,-422.0364867068918,6231.334,0.281
-16.49256367565392,-76.61559990358701,-415.8051527068918,6231.334,0.282
-16.56938613957819,-77.02828938929390,-409.5738187068918,6231.334,0.283
-16.64661817732117,-77.43474754100079,-403.3424847068918,6231.334,0.284
-16.72425355754886,-77.83497435870768,-397.1111507068918,6231.334,0.285
-16.80228604892725,-78.22896984241457,-390.8798167068918,6231.334,0.286
-16.88070942012235,-78.61673399212147,-384.6484827068918,6231.334,0.287
-16.95951743980016,-78.99826680782836,-378.4171487068918,6231.334,0.288
-17.03870387662668,-79.37356828953525,-372.1858147068918,6231.334,0.289
-17.11826249926790,-79.74263843724214,-365.9544807068918,6231.334,0.290
-17.19818707638983,-80.10547725094903,-359.7231467068918,6231.334,0.291
-17.27847137665846,-80.46208473065592,-353.4918127068918,6231.334,0.292
-17.35910916873981,-80.81246087636282,-347.2604787068918,6231.334,0.293
-17.44009422129985,-81.15660568806971,-341.0291447068918,6231.334,0.294
-17.52142030300461,-81.49451916577660,-334.7978107068918,6231.334,0.295
-17.60308118252007,-81.82620130948349,-328.5664767068918,6231.334,0.296
-17.68507062851224,-82.15165211919038,-322.3351427068918,6231.334,0.297
-17.76738240964712,-82.47087159489728,-316.1038087068918,6231.334,0.298
-17.85001029459070,-82.78385973660417,-309.8724747068918,6231.334,0.299
-17.93294805200900,-83.09061654431106,-303.6411407068918,6231.334,0.300
-18.01618945056799,-83.39114201801795,-297.4098067068918,6231.334,0.301
-18.09972825893370,-83.68543615772484,-291.1784727068918,6231.334,0.302
-18.18355824577211,-83.97349896343173,-284.9471387068918,6231.334,0.303
-18.26767317974923,-84.25533043513863,-278.7158047068918,6231.334,0.304
-18.35206682953105,-84.53093057284552,-272.4844707068918,6231.334,0.305
-18.43673296378358,-84.80029937655241,-266.2531367068918,6231.334,0.306
-18.52166535117282,-85.06343684625930,-260.0218027068918,6231.334,0.307
-18.60685776036478,-85.32034298196619,-253.7904687068918,6231.334,0.308
-18.69230396002543,-85.57101778367308,-247.5591347068918,6231.334,0.309
-18.77799771882079,-85.81546125137998,-241.3278007068918,6231.334,0.310
-18.86393280541686,-86.05367338508687,-235.0964667068918,6231.334,0.311
-18.95010298847963,-86.28565418479376,-228.8651327068918,6231.334,0.312
-19.03650203667511,-86.51140365050065,-222.6337987068918,6231.334,0.313
-19.12312371866930,-86.73092178220754,-216.4024647068918,6231.334,0.314
-19.20996180312819,-86.94420857991444,-210.1711307068918,6231.334,0.315
-19.29701005871779,-87.15126404362133,-203.9397967068918,6231.334,0.316
-19.38426225410410,-87.35208817332822,-197.7084627068918,6231.334,0.317
-19.47171215795312,-87.54668096903511,-191.4771287068918,6231.334,0.318
-19.55935353893084,-87.73504243074200,-185.2457947068918,6231.334,0.319
-19.64718016570327,-87.91717255844890,-179.0144607068918,6231.334,0.320
-19.73518580693640,-88.09307135215579,-172.7831267068918,6231.334,0.321
-19.82336423129625,-88.26273881186268,-166.5517927068918,6231.334,0.322
-19.91170920744879,-88.42617493756957,-160.3204587068918,6231.334,0.323
-20.00021450406005,-88.58337972927646,-154.0891247068918,6231.334,0.324
-20.08887388979601,-88.73435318698336,-147.8577907068918,6231.334,0.325
-20.17768113332268,-88.87909531069025,-141.6264567068918,6231.334,0.326
-20.26663000330606,-89.01760610039714,-135.3951227068918,6231.334,0.327
-20.35571426841214,-89.14988555610403,-129.1637887068918,6231.334,0.328
-20.44492769730694,-89.27593367781092,-122.9324547068918,6231.334,0.329
-20.53426405865643,-89.39575046551782,-116.7011207068918,6231.334,0.330
-20.62371712112664,-89.50933591922471,-110.4697867068918,6231.334,0.331
-20.71328065338355,-89.61669003893160,-104.2384527068918,6231.334,0.332
-20.80294842409317,-89.71781282463849,-98.00711870689183,6231.334,0.333
-20.89271420192149,-89.81270427634538,-91.77578470689183,6231.334,0.334
-20.98257175553452,-89.90136439405227,-85.54445070689183,6231.334,0.335
-21.07251485359826,-89.98379317775917,-79.31311670689183,6231.334,0.336
-21.16253726477871,-90.05999062746606,-73.08178270689183,6231.334,0.337
-21.25263275774186,-90.12995674317295,-66.85044870689183,6231.334,0.338
-21.34279510115372,-90.19369152487984,-60.61911470689183,6231.334,0.339
-21.43301806368029,-90.25119497258673,-54.38778070689183,6231.334,0.340
-21.52329541398756,-90.30246708629362,-48.15644670689183,6231.334,0.341
-21.61362092074154,-90.34750786600052,-41.92511270689183,6231.334,0.342
-21.70398835260823,-90.38631731170741,-35.69377870689183,6231.334,0.343
-21.79439147825362,-90.41889542341430,-29.46244470689183,6231.334,0.344
-21.88482406634372,-90.44524220112119,-23.23111070689183,6231.334,0.345
-21.97527988554453,-90.46535764482808,-16.99977670689183,6231.334,0.346
-22.06575270452204,-90.47924175453498,-10.76844270689183,6231.334,0.347
-22.15623629194227,-90.48689453024187,-4.537108706891830,6231.334,0.348
-22.24672441647119,-90.48831597194876,1.694225293108170,6231.334,0.349
-22.33721084677483,-90.48350607965565,7.925559293108170,6231.334,0.350
-22.42768935151917,-90.47246485336254,14.15689329310817,6231.334,0.351
-22.51815369937022,-90.45519229306943,20.38822729310817,6231.334,0.352
-22.60859765899398,-90.43168839877633,26.61956129310817,6231.334,0.353
-22.69901499905644,-90.40195317048322,32.85089529310817,6231.334,0.354
-22.78939948822361,-90.36598660819011,39.08222929310817,6231.334,0.355
-22.87974489516150,-90.32378871189700,45.31356329310817,6231.334,0.356
-22.97004498853608,-90.27535948160389,51.54489729310817,6231.334,0.357
-23.06029353701337,-90.22069891731079,57.77623129310817,6231.334,0.358
-23.15048430925937,-90.15980701901768,64.00756529310817,6231.334,0.359
-23.24061107394007,-90.09268378672457,70.23889929310817,6231.334,0.360
-23.33066759972148,-90.01932922043146,76.47023329310817,6231.334,0.361
-23.42064765526960,-89.93974332013835,82.70156729310817,6231.334,0.362
-23.51054500925043,-89.85392608584524,88.93290129310817,6231.334,0.363
-23.60035343032996,-89.76187751755214,95.16423529310817,6231.334,0.364
-23.69006668717420,-89.66359761525903,101.3955692931082,6231.334,0.365
-23.77967854844914,-89.55908637896592,107.6269032931082,6231.334,0.366
-23.86918278282080,-89.44834380867281,113.8582372931082,6231.334,0.367
-23.95857315895515,-89.33136990437970,120.0895712931082,6231.334,0.368
-24.04784344551822,-89.20816466608660,126.3209052931082,6231.334,0.369
-24.13698741117599,-89.07872809379349,132.5522392931082,6231.334,0.370
-24.22599882459447,-88.94306018750038,138.7835732931082,6231.334,0.371
-24.31487145443966,-88.80116094720727,145.0149072931082,6231.334,0.372
-24.40359906937755,-88.65303037291416,151.2462412931082,6231.334,0.373
-24.49217543807416,-88.49866846462106,157.4775752931082,6231.334,0.374
-24.58059432919546,-88.33807522232795,163.7089092931082,6231.334,0.375
-24.66884951140748,-88.17125064603484,169.9402432931082,6231.334,0.376
-24.75693475337620,-87.99819473574173,176.1715772931082,6231.334,0.377
-24.84484382376763,-87.81890749144862,182.4029112931082,6231.334,0.378
-24.93257049124776,-87.63338891315551,188.6342452931082,6231.334,0.379
-25.02010852448260,-87.44163900086241,194.8655792931082,6231.334,0.380
-25.10745169213815,-87.24365775456930,201.0969132931082,6231.334,0.381
-25.19459376288041,-87.03944517427619,207.3282472931082,6231.334,0.382
-25.28152850537537,-86.82900125998308,213.5595812931082,6231.334,0.383
-25.36824968828904,-86.61232601168997,219.7909152931082,6231.334,0.384
-25.45475108028742,-86.38941942939686,226.0222492931082,6231.334,0.385
-25.54102645003650,-86.16028151310376,232.2535832931082,6231.334,0.386
-25.62706956620229,-85.92491226281065,238.4849172931082,6231.334,0.387
-25.71287419745079,-85.68331167851754,244.7162512931082,6231.334,0.388
-25.79843411244799,-85.43547976022443,250.9475852931082,6231.334,0.389
-25.88374307985990,-85.18141650793132,257.1789192931082,6231.334,0.390
-25.96879486835252,-84.92112192163822,263.4102532931082,6231.334,0.391
-26.05358324659185,-84.65459600134511,269.6415872931082,6231.334,0.392
-26.13810198324388,-84.38183874705200,275.8729212931082,6231.334,0.393
-26.22234484697462,-84.10285015875889,282.1042552931082,6231.334,0.394
-26.30630560645006,-83.81763023646578,288.3355892931082,6231.334,0.395
-26.38997803033622,-83.52617898017268,294.5669232931082,6231.334,0.396
-26.47335588729907,-83.22849638987957,300.7982572931082,6231.334,0.397
-26.55643294600464,-82.92458246558646,307.0295912931082,6231.334,0.398
-26.63920297511891,-82.61443720729335,313.2609252931082,6231.334,0.399
-26.72165974330789,-82.29806061500024,319.4922592931082,6231.334,0.400
-26.80379701923758,-81.97545268870713,325.7235932931082,6231.334,0.401
-26.88560857157397,-81.64661342841403,331.9549272931082,6231.334,0.402
-26.96708816898308,-81.31154283412092,338.1862612931082,6231.334,0.403
-27.04822958013088,-80.97024090582781,344.4175952931082,6231.334,0.404
-27.12902657368340,-80.62270764353470,350.6489292931082,6231.334,0.405
-27.20947291830662,-80.26894304724159,356.8802632931082,6231.334,0.406
-27.28956238266655,-79.90894711694848,363.1115972931082,6231.334,0.407
-27.36928873542919,-79.54271985265538,369.3429312931082,6231.334,0.408
-27.44864574526053,-79.17026125436227,375.5742652931082,6231.334,0.409
-27.52762718082658,-78.79157132206916,381.8055992931082,6231.334,0.410
-27.60622681079334,-78.40665005577605,388.0369332931082,6231.334,0.411
-27.68443840382680,-78.01549745548294,394.2682672931082,6231.334,0.412
-27.76225572859297,-77.61811352118984,400.4996012931082,6231.334,0.413
-27.83967255375785,-77.21449825289673,406.7309352931082,6231.334,0.414
-27.91668264798743,-76.80465165060362,412.9622692931082,6231.334,0.415
-27.99327977994772,-76.38857371431051,419.1936032931082,6231.334,0.416
-28.06945771830472,-75.96626444401740,425.4249372931082,6231.334,0.417
-28.14521023172442,-75.53772383972429,431.6562712931082,6231.334,0.418
-28.22053108887283,-75.10295190143119,437.8876052931082,6231.334,0.419
-28.29541405841595,-74.66194862913808,444.1189392931082,6231.334,0.420
-28.36985290901977,-74.21471402284497,450.3502732931082,6231.334,0.421
-28.44384140935031,-73.76124808255186,456.5816072931082,6231.334,0.422
-28.51737332807354,-73.30155080825875,462.8129412931082,6231.334,0.423
-28.59044243385549,-72.83562219996565,469.0442752931082,6231.334,0.424
-28.66304249536214,-72.36346225767254,475.2756092931082,6231.334,0.425
-28.73516728125950,-71.88507098137943,481.5069432931082,6231.334,0.426
-28.80681056021357,-71.40044837108632,487.7382772931082,6231.334,0.427
-28.87796610089034,-70.90959442679321,493.9696112931082,6231.334,0.428
-28.94862767195582,-70.41250914850011,500.2009452931082,6231.334,0.429
-29.01878904207601,-69.90919253620700,506.4322792931082,6231.334,0.430
-29.08844397991690,-69.39964458991389,512.6636132931082,6231.334,0.431
-29.15758625414450,-68.88386530962078,518.8949472931082,6231.334,0.432
-29.22620963342481,-68.36185469532767,525.1262812931082,6231.334,0.433
-29.29430788642382,-67.83361274703456,531.3576152931082,6231.334,0.434
-29.36187478180754,-67.29913946474146,537.5889492931082,6231.334,0.435
-29.42890408824197,-66.75843484844835,543.8202832931082,6231.334,0.436
-29.49538957439311,-66.21149889815524,550.0516172931082,6231.334,0.437
-29.56132500892695,-65.65833161386213,556.2829512931082,6231.334,0.438
-29.62670416050950,-65.09893299556902,562.5142852931082,6231.334,0.439
-29.69152079780675,-64.53330304327592,568.7456192931082,6231.334,0.440
-29.75576868948471,-63.96144175698281,574.9769532931082,6231.334,0.441
-29.81944160420938,-63.38334913668970,581.2082872931082,6231.334,0.442
-29.88253331064676,-62.79902518239659,587.4396212931082,6231.334,0.443
-29.94503757746284,-62.20846989410348,593.6709552931082,6231.334,0.444
-30.00694817332363,-61.61168327181037,599.9022892931082,6231.334,0.445
-30.06825886689513,-61.00866531551727,606.1336232931082,6231.334,0.446
-30.12896342684333,-60.39941602522416,612.3649572931082,6231.334,0.447
-30.18905562183424,-59.78393540093105,618.5962912931082,6231.334,0.448
-30.24852922053386,-59.16222344263794,624.8276252931082,6231.334,0.449
-30.30737799160819,-58.53428015034482,631.0589592931082,6231.334,0.450
-30.36559570372322,-57.90010552405173,637.2902932931082,6231.334,0.451
-30.42317612554496,-57.25969956375860,643.5216272931082,6231.334,0.452
-30.48011302573941,-56.61306226946551,649.7529612931082,6231.334,0.453
-30.53640017297256,-55.96019364117239,655.9842952931082,6231.334,0.454
-30.59203133591042,-55.30109367887930,662.2156292931082,6231.334,0.455
-30.64700028321899,-54.63576238258617,668.4469632931082,6231.334,0.456
-30.70130078356426,-53.96419975229308,674.6782972931082,6231.334,0.457
-30.75492660561224,-53.28640578799996,680.9096312931082,6231.334,0.458
-30.80787151802893,-52.60238048970686,687.1409652931082,6231.334,0.459
-30.86012928948032,-51.91212385741374,693.3722992931082,6231.334,0.460
-30.91169368863242,-51.21563589112065,699.6036332931082,6231.334,0.461
-30.96255848415123,-50.51291659082752,705.8349672931082,6231.334,0.462
-31.01271744470274,-49.80396595653443,712.0663012931082,6231.334,0.463
-31.06216433895296,-49.08878398824131,718.2976352931082,6231.334,0.464
-31.11089293556789,-48.36737068594821,724.5289692931082,6231.334,0.465
-31.15889700321353,-47.63972604965509,730.7603032931082,6231.334,0.466
-31.20617031055587,-46.90585007936200,736.9916372931082,6231.334,0.467
-31.25270662626092,-46.16574277506887,743.2229712931082,6231.334,0.468
-31.29849971899467,-45.41940413677578,749.4543052931082,6231.334,0.469
-31.34354335742314,-44.66683416448266,755.6856392931082,6231.334,0.470
-31.38783131021230,-43.90803285818957,761.9169732931082,6231.334,0.471
-31.43135734602818,-43.14300021789644,768.1483072931082,6231.334,0.472
-31.47411523353676,-42.37173624360335,774.3796412931082,6231.334,0.473
-31.51609874140405,-41.59424093531022,780.6109752931082,6231.334,0.474
-31.55730163829605,-40.81051429301713,786.8423092931082,6231.334,0.475
-31.59771769287875,-40.02055631672401,793.0736432931082,6231.334,0.476
-31.63734067381816,-39.22436700643092,799.3049772931082,6231.334,0.477
-31.67616434978028,-38.42194636213779,805.5363112931082,6231.334,0.478
-31.71418248943111,-37.61329438384470,811.7676452931082,6231.334,0.479
-31.75138886143664,-36.79841107155158,817.9989792931082,6231.334,0.480
-31.78777723446288,-35.97729642525848,824.2303132931082,6231.334,0.481
-31.82334137717582,-35.14995044496536,830.4616472931082,6231.334,0.482
-31.85807505824147,-34.31637313067227,836.6929812931082,6231.334,0.483
-31.89197204632583,-33.47656448237914,842.9243152931082,6231.334,0.484
-31.92502540127258,-32.63293971680201,854.642,0,0.485
-31.95723101998938,-31.77829771680201,854.642,0,0.486
-31.98858199670618,-30.92365571680201,854.642,0,0.487
-32.01907833142298,-30.06901371680201,854.642,0,0.488
-32.04872002413978,-29.21437171680201,854.642,0,0.489
-32.07750707485658,-28.35972971680201,854.642,0,0.490
-32.10543948357339,-27.50508771680201,854.642,0,0.491
-32.13251725029019,-26.65044571680201,854.642,0,0.492
-32.15874037500699,-25.79580371680201,854.642,0,0.493
-32.18410885772379,-24.94116171680201,854.642,0,0.494
-32.20862269844059,-24.08651971680201,854.642,0,0.495
-32.23228189715739,-23.23187771680201,854.642,0,0.496
-32.25508645387420,-22.37723571680201,854.642,0,0.497
-32.27703636859100,-21.52259371680201,854.642,0,0.498
-32.29813164130780,-20.66795171680201,854.642,0,0.499
-32.31837227202460,-19.81330971680201,854.642,0,0.500
-32.33775826074140,-18.95866771680201,854.642,0,0.501
-32.35628960745820,-18.10402571680201,854.642,0,0.502
-32.37396631217501,-17.24938371680201,854.642,0,0.503
-32.39078837489181,-16.39474171680201,854.642,0,0.504
-32.40675579560861,-15.54009971680201,854.642,0,0.505
-32.42186857432542,-14.68545771680201,854.642,0,0.506
-32.43612671104223,-13.83081571680201,854.642,0,0.507
-32.44953020575902,-12.97617371680201,854.642,0,0.508
-32.46207905847583,-12.12153171680201,854.642,0,0.509
-32.47377326919263,-11.26688971680201,854.642,0,0.510
-32.48461283790943,-10.41224771680201,854.642,0,0.511
-32.49459776462623,-9.55760571680201,854.642,0,0.512
-32.50372804934304,-8.70296371680201,854.642,0,0.513
-32.51200369205984,-7.84832171680201,854.642,0,0.514
-32.51942469277664,-6.99367971680201,854.642,0,0.515
-32.52599105149344,-6.13903771680201,854.642,0,0.516
-32.53170276821024,-5.28439571680201,854.642,0,0.517
-32.53655984292704,-4.42975371680201,854.642,0,0.518
-32.54056227564385,-3.57511171680201,854.642,0,0.519
-32.54371006636065,-2.72046971680201,854.642,0,0.520
-32.54600321507745,-1.86582771680201,854.642,0,0.521
-32.54744172179425,-1.01118571680201,854.642,0,0.522
-32.54802558651106,-0.15654371680201,854.642,0,0.523
-32.54775480922786,0.69809828319799,854.642,0,0.524
-32.54662938994466,1.55274028319799,854.642,0,0.525
-32.54464932866146,2.40738228319799,854.642,0,0.526
-32.54181462537826,3.26202428319799,854.642,0,0.527
-32.53812528009506,4.11666628319799,854.642,0,0.528
-32.53358129281186,4.97130828319799,854.642,0,0.529
-32.52818266352866,5.82595028319799,854.642,0,0.530
-32.52192939224547,6.68059228319799,854.642,0,0.531
-32.51482147896227,7.53523428319799,854.642,0,0.532
-32.50685892367907,8.38987628319799,854.642,0,0.533
-32.49804172639588,9.24451828319799,854.642,0,0.534
-32.48836988711267,10.0991602831980,854.642,0,0.535
-32.47784340582948,10.9538022831980,854.642,0,0.536
-32.46646228254628,11.8084442831980,854.642,0,0.537
-32.45422651726307,12.6630862831980,854.642,0,0.538
-32.44113610997988,13.5177282831980,854.642,0,0.539
-32.42719106069668,14.3723702831980,854.642,0,0.540
-32.41239136941349,15.2270122831980,854.642,0,0.541
-32.39673703613028,16.0816542831980,854.642,0,0.542
-32.38022806084709,16.9362962831980,854.642,0,0.543
-32.36286444356389,17.7909382831980,854.642,0,0.544
-32.34464618428070,18.6455802831980,854.642,0,0.545
-32.32557328299749,19.5002222831980,854.642,0,0.546
-32.30564573971430,20.3548642831980,854.642,0,0.547
-32.28486353893058,21.20931741356737,856.1762162499560,-6231.334,0.548
-32.26322717196455,22.06237796281732,849.9448822499560,-6231.334,0.549
-32.24074086011628,22.90920717806728,843.7135482499560,-6231.334,0.550
-32.21741083471975,23.74980505931723,837.4822142499560,-6231.334,0.551
-32.19324332710898,24.58417160656719,831.2508802499560,-6231.334,0.552
-32.16824456861795,25.41230681981714,825.0195462499560,-6231.334,0.553
-32.14242079058068,26.23421069906710,818.7882122499560,-6231.334,0.554
-32.11577822433115,27.04988324431705,812.5568782499560,-6231.334,0.555
-32.08832310120338,27.85932445556701,806.3255442499560,-6231.334,0.556
-32.06006165253135,28.66253433281697,800.0942102499560,-6231.334,0.557
-32.03100010964908,29.45951287606692,793.8628762499560,-6231.334,0.558
-32.00114470389055,30.25026008531688,787.6315422499560,-6231.334,0.559
-31.97050166658978,31.03477596056683,781.4002082499560,-6231.334,0.560
-31.93907722908075,31.81306050181679,775.1688742499560,-6231.334,0.561
-31.90687762269748,32.58511370906674,768.9375402499560,-6231.334,0.562
-31.87390907877395,33.35093558231670,762.7062062499560,-6231.334,0.563
-31.84017782864418,34.11052612156665,756.4748722499560,-6231.334,0.564
-31.80569010364215,34.86388532681661,750.2435382499560,-6231.334,0.565
-31.77045213510188,35.61101319806656,744.0122042499560,-6231.334,0.566
-31.73447015435735,36.35190973531652,737.7808702499560,-6231.334,0.567
-31.69775039274258,37.08657493856647,731.5495362499560,-6231.334,0.568
-31.66029908159155,37.81500880781643,725.3182022499560,-6231.334,0.569
-31.62212245223828,38.53721134306639,719.0868682499560,-6231.334,0.570
-31.58322673601675,39.25318254431634,712.8555342499560,-6231.334,0.571
-31.54361816426098,39.96292241156630,706.6242002499560,-6231.334,0.572
-31.50330296830495,40.66643094481625,700.3928662499560,-6231.334,0.573
-31.46228737948268,41.36370814406621,694.1615322499560,-6231.334,0.574
-31.42057762912815,42.05475400931616,687.9301982499560,-6231.334,0.575
-31.37817994857538,42.73956854056612,681.6988642499560,-6231.334,0.576
-31.33510056915835,43.41815173781607,675.4675302499560,-6231.334,0.577
-31.29134572221108,44.09050360106603,669.2361962499560,-6231.334,0.578
-31.24692163906756,44.75662413031598,663.0048622499560,-6231.334,0.579
-31.20183455106178,45.41651332556594,656.7735282499560,-6231.334,0.580
-31.15609068952776,46.07017118681589,650.5421942499560,-6231.334,0.581
-31.10969628579948,46.71759771406585,644.3108602499560,-6231.334,0.582
-31.06265757121096,47.35879290731580,638.0795262499560,-6231.334,0.583
-31.01498077709618,47.99375676656576,631.8481922499560,-6231.334,0.584
-30.96667213478916,48.62248929181572,625.6168582499560,-6231.334,0.585
-30.91773787562389,49.24499048306568,619.3855242499560,-6231.334,0.586
-30.86818423093436,49.86126034031564,613.1541902499560,-6231.334,0.587
-30.81801743205459,50.47129886356559,606.9228562499560,-6231.334,0.588
-30.76724371031856,51.07510605281555,600.6915222499560,-6231.334,0.589
-30.71586929706029,51.67268190806550,594.4601882499560,-6231.334,0.590
-30.66390042361377,52.26402642931546,588.2288542499560,-6231.334,0.591
-30.61134332131299,52.84913961656542,581.9975202499560,-6231.334,0.592
-30.55820422149197,53.42802146981537,575.7661862499560,-6231.334,0.593
-30.50448935548470,54.00067198906533,569.5348522499560,-6231.334,0.594
-30.45020495462517,54.56709117431528,563.3035182499560,-6231.334,0.595
-30.39535725024740,55.12727902556524,557.0721842499560,-6231.334,0.596
-30.33995247368537,55.68123554281520,550.8408502499560,-6231.334,0.597
-30.28399685627310,56.22896072606515,544.6095162499560,-6231.334,0.598
-30.22749662934458,56.77045457531511,538.3781822499560,-6231.334,0.599
-30.17045802423380,57.30571709056506,532.1468482499560,-6231.334,0.600
-30.11288727227478,57.83474827181502,525.9155142499560,-6231.334,0.601
-30.05479060480151,58.35754811906498,519.6841802499560,-6231.334,0.602
-29.99617425314798,58.87411663231493,513.4528462499560,-6231.334,0.603
-29.93704444864821,59.38445381156489,507.2215122499560,-6231.334,0.604
-29.87740742263619,59.88855965681484,500.9901782499560,-6231.334,0.605
-29.81726940644592,60.38643416806480,494.7588442499560,-6231.334,0.606
-29.75663663141139,60.87807734531476,488.5275102499560,-6231.334,0.607
-29.69551532886662,61.36348918856471,482.2961762499560,-6231.334,0.608
-29.63391173014560,61.84266969781467,476.0648422499560,-6231.334,0.609
-29.57183206658232,62.31561887306462,469.8335082499560,-6231.334,0.610
-29.50928256951080,62.78233671431458,463.6021742499560,-6231.334,0.611
-29.44626947026503,63.24282322156454,457.3708402499560,-6231.334,0.612
-29.38279900017900,63.69707839481449,451.1395062499560,-6231.334,0.613
-29.31887739058673,64.14510223406445,444.9081722499560,-6231.334,0.614
-29.25451087282221,64.58689473931440,438.6768382499560,-6231.334,0.615
-29.18970567821944,65.02245591056436,432.4455042499560,-6231.334,0.616
-29.12446803811241,65.45178574781432,426.2141702499560,-6231.334,0.617
-29.05880418383514,65.87488425106427,419.9828362499560,-6231.334,0.618
-28.99272034672162,66.29175142031423,413.7515022499560,-6231.334,0.619
-28.92622275810585,66.70238725556418,407.5201682499560,-6231.334,0.620
-28.85931764932182,67.10679175681414,401.2888342499560,-6231.334,0.621
-28.79201125170355,67.50496492406410,395.0575002499560,-6231.334,0.622
-28.72430979658503,67.89690675731405,388.8261662499560,-6231.334,0.623
-28.65621951530026,68.28261725656401,382.5948322499560,-6231.334,0.624
-28.58774663918323,68.66209642181396,376.3634982499560,-6231.334,0.625
-28.51889739956796,69.03534425306392,370.1321642499560,-6231.334,0.626
-28.44967802778844,69.40236075031388,363.9008302499560,-6231.334,0.627
-28.38009475517867,69.76314591356383,357.6694962499560,-6231.334,0.628
-28.31015381307264,70.11769974281379,351.4381622499560,-6231.334,0.629
-28.23986143280437,70.46602223806374,345.2068282499560,-6231.334,0.630
-28.16922384570785,70.80811339931370,338.9754942499560,-6231.334,0.631
-28.09824728311708,71.14397322656366,332.7441602499560,-6231.334,0.632
-28.02693797636606,71.47360171981361,326.5128262499560,-6231.334,0.633
-27.95530215678878,71.79699887906357,320.2814922499560,-6231.334,0.634
-27.88334605571926,72.11416470431352,314.0501582499560,-6231.334,0.635
-27.81107590449149,72.42509919556348,307.8188242499560,-6231.334,0.636
-27.73849793443947,72.72980235281344,301.5874902499560,-6231.334,0.637
-27.66561837689720,73.02827417606339,295.3561562499560,-6231.334,0.638
-27.59244346319868,73.32051466531335,289.1248222499560,-6231.334,0.639
-27.51897942467790,73.60652382056330,282.8934882499560,-6231.334,0.640
-27.44523249266888,73.88630164181326,276.6621542499560,-6231.334,0.641
-27.37120889850561,74.15984812906322,270.4308202499560,-6231.334,0.642
-27.29691487352209,74.42716328231317,264.1994862499560,-6231.334,0.643
-27.22235664905232,74.68824710156313,257.9681522499560,-6231.334,0.644
-27.14754045643030,74.94309958681308,251.7368182499560,-6231.334,0.645
-27.07247252699003,75.19172073806304,245.5054842499560,-6231.334,0.646
-26.99715909206550,75.43411055531300,239.2741502499560,-6231.334,0.647
-26.92160638299073,75.67026903856295,233.0428162499560,-6231.334,0.648
-26.84582063109971,75.90019618781291,226.8114822499560,-6231.334,0.649
-26.76980806772644,76.12389200306286,220.5801482499560,-6231.334,0.650
-26.69357492420492,76.34135648431282,214.3488142499560,-6231.334,0.651
-26.61712743186915,76.55258963156278,208.1174802499560,-6231.334,0.652
-26.54047182205313,76.75759144481273,201.8861462499560,-6231.334,0.653
-26.46361432609086,76.95636192406269,195.6548122499560,-6231.334,0.654
-26.38656117531633,77.14890106931264,189.4234782499560,-6231.334,0.655
-26.30931860106356,77.33520888056260,183.1921442499560,-6231.334,0.656
-26.23189283466654,77.51528535781255,176.9608102499560,-6231.334,0.657
-26.15429010745927,77.68913050106251,170.7294762499560,-6231.334,0.658
-26.07651665077575,77.85674431031247,164.4981422499560,-6231.334,0.659
-25.99857869594998,78.01812678556242,158.2668082499560,-6231.334,0.660
-25.92048247431596,78.17327792681238,152.0354742499560,-6231.334,0.661
-25.84223421720769,78.32219773406233,145.8041402499560,-6231.334,0.662
-25.76384015595917,78.46488620731229,139.5728062499560,-6231.334,0.663
-25.68530652190440,78.60134334656225,133.3414722499560,-6231.334,0.664
-25.60663954637738,78.73156915181220,127.1101382499560,-6231.334,0.665
-25.52784546071211,78.85556362306216,120.8788042499560,-6231.334,0.666
-25.44893049624259,78.97332676031211,114.6474702499560,-6231.334,0.667
-25.36990088430282,79.08485856356207,108.4161362499560,-6231.334,0.668
-25.29076285622680,79.19015903281203,102.1848022499560,-6231.334,0.669
-25.21152264334852,79.28922816806198,95.95346824995599,-6231.334,0.670
-25.13218647700200,79.38206596931194,89.72213424995599,-6231.334,0.671
-25.05276058852123,79.46867243656189,83.49080024995599,-6231.334,0.672
-24.97325120924021,79.54904756981185,77.25946624995599,-6231.334,0.673
-24.89366457049294,79.62319136906181,71.02813224995599,-6231.334,0.674
-24.81400690361342,79.69110383431176,64.79679824995599,-6231.334,0.675
-24.73428443993565,79.75278496556172,58.56546424995599,-6231.334,0.676
-24.65450341079363,79.80823476281167,52.33413024995599,-6231.334,0.677
-24.57467004752136,79.85745322606163,46.10279624995599,-6231.334,0.678
-24.49479058145284,79.90044035531159,39.87146224995599,-6231.334,0.679
-24.41487124392207,79.93719615056154,33.64012824995599,-6231.334,0.680
-24.33491826626305,79.96772061181150,27.40879424995599,-6231.334,0.681
-24.25493787980978,79.99201373906145,21.17746024995599,-6231.334,0.682
-24.17493631589626,80.01007553231141,14.94612624995599,-6231.334,0.683
-24.09491980585649,80.02190599156137,8.714792249955986,-6231.334,0.684
-24.01489458102448,80.02750511681132,2.483458249955986,-6231.334,0.685
